Saved file to /home/julian/Documents/Master/Katrin/DA1_longer/DA1-CAV32_dynophore
16017
16017
16017
16017
16017
16017
16017
16017
Saved file to /home/julian/Documents/Master/Katrin/DA1_longer/DA1-CAV32_dynophore
There are actually  30  present.
The length of the observation sequence is  16017
Saved /home/julian/Documents/Master/Katrin/DA1_longer/_ligand_0_ellbow_kMeans.png
Saved /home/julian/Documents/Master/Katrin/DA1_longer/_ligand_0_scores_kmeans.png
ligand distinct 30
MSM
[[0.57428467 0.37866838 0.02934703 0.01769993]
 [0.21420419 0.75970118 0.00451338 0.02158124]
 [0.47337278 0.12869822 0.3964497  0.00147929]
 [0.16411565 0.3537415  0.00085034 0.48129252]]
Counts
[[3.131e+03 2.058e+03 1.610e+02 1.020e+02]
 [2.071e+03 7.322e+03 4.300e+01 2.020e+02]
 [1.590e+02 4.400e+01 1.340e+02 1.000e+00]
 [9.100e+01 2.140e+02 0.000e+00 2.830e+02]]
Saved /home/julian/Documents/Master/Katrin/DA1_longer/_ligand_1_ellbow_kMeans.png
Saved /home/julian/Documents/Master/Katrin/DA1_longer/_ligand_1_scores_kmeans.png
ligand distinct 30
MSM
[[0.57444465 0.38746099 0.00881219 0.02928217]
 [0.21459075 0.77224199 0.0086426  0.00452466]
 [0.12121212 0.21464646 0.66414141 0.        ]
 [0.47189349 0.1316568  0.         0.3964497 ]]
Counts
[[3129. 2105.   52.  161.]
 [2116. 7595.   81.   43.]
 [  44.   89.  263.    0.]
 [ 158.   46.    0.  134.]]
Saved /home/julian/Documents/Master/Katrin/DA1_longer/_ligand_2_ellbow_kMeans.png
Saved /home/julian/Documents/Master/Katrin/DA1_longer/_ligand_2_scores_kmeans.png
ligand distinct 30
MSM
[[0.57431563 0.38756201 0.00891053 0.02921183]
 [0.21448907 0.77224199 0.0086426  0.00462633]
 [0.12216625 0.21410579 0.66246851 0.00125945]
 [0.46627566 0.13343109 0.00146628 0.39882698]]
Counts
[[3.126e+03 2.103e+03 5.300e+01 1.610e+02]
 [2.116e+03 7.595e+03 8.100e+01 4.300e+01]
 [4.400e+01 8.900e+01 2.630e+02 1.000e+00]
 [1.570e+02 4.800e+01 0.000e+00 1.360e+02]]
Saved /home/julian/Documents/Master/Katrin/DA1_longer/_ligand_3_ellbow_kMeans.png
Saved /home/julian/Documents/Master/Katrin/DA1_longer/_ligand_3_scores_kmeans.png
ligand distinct 30
MSM
[[0.77224199 0.21443823 0.00874428 0.0045755 ]
 [0.38739897 0.57457752 0.00881705 0.02920647]
 [0.21662469 0.1209068  0.66246851 0.        ]
 [0.13235294 0.46764706 0.         0.4       ]]
Counts
[[7595. 2115.   82.   43.]
 [2103. 3128.   52.  161.]
 [  90.   44.  263.    0.]
 [  47.  157.    0.  136.]]
Saved /home/julian/Documents/Master/Katrin/DA1_longer/_ligand_4_ellbow_kMeans.png
Saved /home/julian/Documents/Master/Katrin/DA1_longer/_ligand_4_scores_kmeans.png
ligand distinct 30
MSM
[[0.77224199 0.21453991 0.00452466 0.00869344]
 [0.38744032 0.57455013 0.02928755 0.008722  ]
 [0.1316568  0.47189349 0.3964497  0.        ]
 [0.21536524 0.11964736 0.         0.66498741]]
Counts
[[7595. 2116.   43.   81.]
 [2104. 3129.  161.   52.]
 [  46.  158.  134.    0.]
 [  90.   43.    0.  264.]]
labels
Saved /home/julian/Documents/Master/Katrin/DA1_longer/_mixed_0_ellbow_kMeans.png
Saved /home/julian/Documents/Master/Katrin/DA1_longer/_mixed_0_scores_kmeans.png
mixed distinct 1717
MSM
[[6.46048109e-01 3.43156631e-03 8.57009517e-03 8.57370352e-04
  1.80138989e-02 1.62923569e-02 5.06522495e-02 3.00237567e-03
  1.18385036e-01 1.34746942e-01]
 [1.87882589e-03 9.00562850e-01 3.04565023e-03 2.34379289e-04
  4.36166024e-02 1.87530101e-03 2.11222019e-03 2.79057950e-02
  3.04867758e-03 1.57196982e-02]
 [4.75992839e-03 3.08958864e-03 7.02279202e-01 9.50066488e-03
  4.99036984e-02 1.50369384e-01 2.37832315e-03 5.22810931e-03
  5.72742890e-02 1.52168125e-02]
 [4.97774923e-04 2.48536194e-04 9.93124686e-03 9.83606567e-01
  9.94044317e-04 9.93683215e-04 0.00000000e+00 0.00000000e+00
  3.23086154e-03 4.97285876e-04]
 [2.08856222e-02 9.23628634e-02 1.04173596e-01 1.98509316e-03
  3.81330685e-01 4.51672920e-02 5.46626869e-03 6.45494333e-02
  1.80250472e-01 1.03828674e-01]
 [8.20857977e-03 1.72568273e-03 1.36404518e-01 8.62318113e-04
  1.96276571e-02 7.17119447e-01 1.07933113e-03 3.45108454e-03
  1.05263095e-01 6.25828698e-03]
 [3.33752297e-02 2.54197090e-03 2.82151014e-03 0.00000000e+00
  3.10653896e-03 1.41154953e-03 9.24816279e-01 8.47254588e-04
  4.80133841e-03 2.62783291e-02]
 [3.81418358e-03 6.47495592e-02 1.19582174e-02 0.00000000e+00
  7.07276610e-02 8.70177903e-03 1.63352190e-03 7.96517953e-01
  3.80866906e-02 3.81043430e-03]
 [7.72929629e-02 3.63546945e-03 6.73268161e-02 3.63326386e-03
  1.01503229e-01 1.36406534e-01 4.75751248e-03 1.95740108e-02
  5.42505592e-01 4.33646093e-02]
 [1.96689060e-01 4.19093909e-02 3.99917308e-02 1.25026726e-03
  1.30719055e-01 1.81314549e-02 5.82148131e-02 4.37823638e-03
  9.69512871e-02 4.11764705e-01]]
Counts
[[7.520e+02 4.000e+00 9.000e+00 0.000e+00 2.100e+01 2.300e+01 5.800e+01
  3.000e+00 1.410e+02 1.530e+02]
 [4.000e+00 1.920e+03 9.000e+00 1.000e+00 9.000e+01 5.000e+00 4.000e+00
  6.100e+01 5.000e+00 3.300e+01]
 [1.100e+01 4.000e+00 1.479e+03 2.000e+01 1.050e+02 3.190e+02 3.000e+00
  1.100e+01 1.210e+02 3.300e+01]
 [2.000e+00 0.000e+00 2.000e+01 1.980e+03 3.000e+00 1.000e+00 0.000e+00
  0.000e+00 6.000e+00 1.000e+00]
 [2.100e+01 9.600e+01 1.050e+02 1.000e+00 3.840e+02 4.400e+01 6.000e+00
  6.300e+01 1.760e+02 1.110e+02]
 [1.500e+01 3.000e+00 3.140e+02 3.000e+00 4.700e+01 1.663e+03 4.000e+00
  1.100e+01 2.430e+02 1.600e+01]
 [6.000e+01 5.000e+00 7.000e+00 0.000e+00 5.000e+00 1.000e+00 1.636e+03
  1.000e+00 1.000e+01 4.400e+01]
 [4.000e+00 5.800e+01 1.100e+01 0.000e+00 6.700e+01 5.000e+00 2.000e+00
  7.320e+02 3.700e+01 3.000e+00]
 [1.350e+02 8.000e+00 1.200e+02 7.000e+00 1.870e+02 2.450e+02 7.000e+00
  3.300e+01 9.700e+02 7.600e+01]
 [1.610e+02 3.400e+01 3.100e+01 1.000e+00 9.800e+01 1.300e+01 4.900e+01
  4.000e+00 7.900e+01 3.290e+02]]
Saved /home/julian/Documents/Master/Katrin/DA1_longer/_mixed_1_ellbow_kMeans.png
Saved /home/julian/Documents/Master/Katrin/DA1_longer/_mixed_1_scores_kmeans.png
mixed distinct 1715
MSM
[[3.43540669e-01 0.00000000e+00 3.68089817e-02 1.79852320e-01
  0.00000000e+00 2.05599765e-02 1.63121441e-01 3.34382592e-02
  2.22200304e-01 4.78047999e-04]
 [0.00000000e+00 7.73953491e-01 2.79062532e-03 3.25771592e-03
  7.44230798e-03 4.65201687e-04 4.65418473e-04 2.78858796e-03
  4.65921985e-04 2.08370730e-01]
 [2.90607949e-02 2.26250210e-03 5.30920059e-01 7.24423603e-02
  2.26263815e-03 1.50484017e-01 2.15077344e-02 1.80486540e-01
  8.68794814e-03 1.88540608e-03]
 [8.57130013e-02 1.59432789e-03 4.37290018e-02 6.07110300e-01
  2.50552314e-03 1.13445881e-01 4.33027467e-02 2.79934277e-02
  7.39225118e-02 6.83278907e-04]
 [0.00000000e+00 3.98978505e-03 1.49613059e-03 2.74457969e-03
  9.86533676e-01 1.74585150e-03 0.00000000e+00 1.99338433e-03
  2.49793552e-04 1.24679967e-03]
 [9.62201452e-03 2.23572535e-04 8.92031276e-02 1.11404175e-01
  1.56510187e-03 7.14669051e-01 4.47435639e-03 5.58508716e-02
  1.18698743e-02 1.11785535e-03]
 [5.46947059e-02 1.60255017e-04 9.13429893e-03 3.04662519e-02
  0.00000000e+00 3.20568925e-03 8.98332262e-01 2.72227440e-03
  1.28426241e-03 0.00000000e+00]
 [3.59928327e-02 3.08241062e-03 2.46072738e-01 6.32263033e-02
  4.11012778e-03 1.28457342e-01 8.73916674e-03 4.83572894e-01
  1.85264768e-02 8.21970790e-03]
 [1.48685491e-01 3.20162840e-04 7.36355402e-03 1.03793463e-01
  3.20182125e-04 1.69717517e-02 2.56296971e-03 1.15171338e-02
  7.07504809e-01 9.60482221e-04]
 [1.03396662e-03 4.62812948e-01 5.16518914e-03 3.10100430e-03
  5.16563368e-03 5.16627155e-03 0.00000000e+00 1.65165383e-02
  3.10456244e-03 4.97933886e-01]]
Counts
[[3.590e+02 0.000e+00 3.500e+01 1.890e+02 0.000e+00 2.400e+01 1.680e+02
  3.200e+01 2.380e+02 0.000e+00]
 [0.000e+00 8.320e+02 4.000e+00 4.000e+00 8.000e+00 1.000e+00 1.000e+00
  2.000e+00 0.000e+00 2.230e+02]
 [4.200e+01 2.000e+00 7.040e+02 9.100e+01 3.000e+00 1.970e+02 2.600e+01
  2.470e+02 1.200e+01 2.000e+00]
 [1.870e+02 3.000e+00 1.010e+02 1.332e+03 4.000e+00 2.460e+02 9.500e+01
  6.500e+01 1.600e+02 1.000e+00]
 [0.000e+00 8.000e+00 3.000e+00 7.000e+00 1.978e+03 2.000e+00 0.000e+00
  4.000e+00 0.000e+00 3.000e+00]
 [1.900e+01 0.000e+00 2.020e+02 2.520e+02 5.000e+00 1.598e+03 1.200e+01
  1.200e+02 2.500e+01 3.000e+00]
 [1.730e+02 0.000e+00 3.100e+01 9.500e+01 0.000e+00 8.000e+00 2.801e+03
  7.000e+00 3.000e+00 0.000e+00]
 [3.800e+01 4.000e+00 2.320e+02 5.800e+01 4.000e+00 1.300e+02 1.000e+01
  4.710e+02 1.800e+01 9.000e+00]
 [2.260e+02 1.000e+00 1.100e+01 1.640e+02 1.000e+00 2.800e+01 5.000e+00
  1.800e+01 1.103e+03 2.000e+00]
 [1.000e+00 2.250e+02 3.000e+00 2.000e+00 2.000e+00 2.000e+00 0.000e+00
  7.000e+00 1.000e+00 2.410e+02]]
Saved /home/julian/Documents/Master/Katrin/DA1_longer/_mixed_2_ellbow_kMeans.png
Saved /home/julian/Documents/Master/Katrin/DA1_longer/_mixed_2_scores_kmeans.png
mixed distinct 1717
MSM
[[5.49595141e-01 5.06888050e-03 5.37253826e-02 8.10465435e-03
  3.04113158e-03 7.44769252e-02 1.01489584e-02 2.48437061e-02
  2.58335206e-01 1.26600147e-02]
 [2.32833304e-03 9.07182833e-01 1.56236162e-02 0.00000000e+00
  3.28803322e-02 9.32389189e-04 7.00400865e-04 3.70894823e-02
  3.02962907e-03 2.32984322e-04]
 [2.31290742e-02 1.46429050e-02 5.96153845e-01 4.58641920e-03
  4.32702593e-02 9.74270013e-02 7.15451749e-02 8.32886521e-02
  6.50833080e-02 8.73361305e-04]
 [3.96852113e-03 0.00000000e+00 5.21662014e-03 9.84111231e-01
  0.00000000e+00 1.24156802e-03 4.97414245e-04 2.48494457e-04
  1.73783078e-03 2.97832004e-03]
 [2.77605374e-03 6.53425091e-02 9.17494404e-02 0.00000000e+00
  7.60889710e-01 8.80080350e-03 7.42295525e-03 3.89371713e-02
  2.40813563e-02 0.00000000e+00]
 [4.17378042e-02 1.13755405e-03 1.26826049e-01 1.42096761e-03
  5.40303182e-03 6.73678225e-01 1.19575252e-02 5.68918973e-03
  1.32149654e-01 0.00000000e+00]
 [6.74295408e-03 1.01307677e-03 1.10415577e-01 6.74920702e-04
  5.40272565e-03 1.41762766e-02 6.93035833e-01 1.56052820e-01
  1.18110824e-02 6.74733245e-04]
 [2.45773048e-02 7.98795472e-02 1.91392526e-01 5.02042379e-04
  4.21977808e-02 1.00429299e-02 2.32359676e-01 3.68844220e-01
  4.97020699e-02 5.01903057e-04]
 [1.47177825e-01 3.75764022e-03 8.61290529e-02 2.02195773e-03
  1.50295878e-02 1.34343592e-01 1.01279082e-02 2.86230157e-02
  5.69612939e-01 3.17648122e-03]
 [8.11689769e-03 3.25199231e-04 1.30068184e-03 3.89971641e-03
  0.00000000e+00 0.00000000e+00 6.51117308e-04 3.25280351e-04
  3.57473102e-03 9.81806376e-01]]
Counts
[[5.430e+02 4.000e+00 5.300e+01 8.000e+00 3.000e+00 7.100e+01 1.000e+01
  2.500e+01 2.570e+02 1.400e+01]
 [6.000e+00 1.945e+03 3.500e+01 0.000e+00 7.100e+01 1.000e+00 1.000e+00
  7.600e+01 9.000e+00 0.000e+00]
 [5.300e+01 3.200e+01 1.364e+03 1.000e+01 9.900e+01 2.230e+02 1.610e+02
  1.890e+02 1.560e+02 1.000e+00]
 [8.000e+00 0.000e+00 1.100e+01 1.982e+03 0.000e+00 1.000e+00 1.000e+00
  1.000e+00 4.000e+00 6.000e+00]
 [3.000e+00 7.000e+01 9.900e+01 0.000e+00 8.210e+02 1.000e+01 9.000e+00
  4.400e+01 2.300e+01 0.000e+00]
 [7.600e+01 3.000e+00 2.230e+02 4.000e+00 9.000e+00 1.185e+03 2.200e+01
  9.000e+00 2.280e+02 0.000e+00]
 [1.000e+01 2.000e+00 1.660e+02 1.000e+00 7.000e+00 2.000e+01 1.025e+03
  2.280e+02 1.800e+01 2.000e+00]
 [2.400e+01 8.300e+01 1.920e+02 0.000e+00 4.000e+01 1.100e+01 2.340e+02
  3.670e+02 4.400e+01 0.000e+00]
 [2.530e+02 4.000e+00 1.420e+02 3.000e+00 2.900e+01 2.370e+02 1.700e+01
  5.500e+01 9.860e+02 5.000e+00]
 [1.100e+01 1.000e+00 3.000e+00 6.000e+00 0.000e+00 0.000e+00 0.000e+00
  1.000e+00 6.000e+00 1.511e+03]]
Saved /home/julian/Documents/Master/Katrin/DA1_longer/_mixed_3_ellbow_kMeans.png
Saved /home/julian/Documents/Master/Katrin/DA1_longer/_mixed_3_scores_kmeans.png
mixed distinct 1718
MSM
[[5.32786885e-01 2.34595466e-03 5.27784270e-02 4.10461252e-03
  9.96178278e-03 1.00239941e-01 2.11354966e-02 5.86476010e-04
  2.75657572e-02 2.48494667e-01]
 [9.30361007e-04 8.98881639e-01 1.53758259e-02 4.65891340e-04
  0.00000000e+00 9.31504541e-04 3.49850626e-03 8.38751675e-03
  6.92004954e-02 2.32825931e-03]
 [2.04214651e-02 1.50015807e-02 5.71363636e-01 2.27251863e-03
  2.27102026e-04 1.07912416e-01 8.37320969e-02 3.00025129e-02
  1.05695989e-01 6.33706825e-02]
 [1.74036897e-03 4.98106165e-04 2.49026843e-03 9.85059758e-01
  0.00000000e+00 9.95718679e-04 1.24655931e-03 6.72428792e-03
  7.47180693e-04 4.97752031e-04]
 [5.51469973e-03 0.00000000e+00 3.24919186e-04 0.00000000e+00
  9.88961049e-01 9.74377449e-04 1.62645411e-03 0.00000000e+00
  9.74888164e-04 1.62361262e-03]
 [4.26762070e-02 9.99995628e-04 1.18736973e-01 9.99798543e-04
  7.49354694e-04 6.91654172e-01 1.55160327e-02 1.49996104e-03
  1.15002797e-02 1.15667225e-01]
 [9.73442838e-03 4.06301820e-03 9.96688647e-02 1.35407207e-03
  1.35317825e-03 1.67854764e-02 7.78199566e-01 4.06293029e-03
  7.71995642e-02 7.57890182e-03]
 [7.63225516e-04 2.75235306e-02 1.00908978e-01 2.06385777e-02
  0.00000000e+00 4.58498159e-03 1.14800559e-02 6.43730886e-01
  1.81201778e-01 9.16798634e-03]
 [1.91344562e-02 1.21122134e-01 1.89615681e-01 1.22321465e-03
  1.22240803e-03 1.87503591e-02 1.16349105e-01 9.66509272e-02
  3.83360522e-01 5.25711926e-02]
 [1.37255706e-01 3.24274498e-03 9.04630579e-02 6.48421205e-04
  1.61998483e-03 1.50064733e-01 9.08911538e-03 3.89120993e-03
  4.18326103e-02 5.61892417e-01]]
Counts
[[4.550e+02 2.000e+00 4.600e+01 4.000e+00 8.000e+00 8.500e+01 1.700e+01
  1.000e+00 2.300e+01 2.130e+02]
 [2.000e+00 1.929e+03 3.600e+01 1.000e+00 0.000e+00 2.000e+00 5.000e+00
  1.700e+01 1.470e+02 7.000e+00]
 [4.400e+01 3.000e+01 1.257e+03 4.000e+00 1.000e+00 2.390e+02 1.830e+02
  6.700e+01 2.350e+02 1.400e+02]
 [3.000e+00 1.000e+00 6.000e+00 1.978e+03 0.000e+00 2.000e+00 1.000e+00
  1.400e+01 2.000e+00 1.000e+00]
 [9.000e+00 0.000e+00 0.000e+00 0.000e+00 1.523e+03 2.000e+00 2.000e+00
  0.000e+00 2.000e+00 2.000e+00]
 [8.600e+01 2.000e+00 2.360e+02 2.000e+00 1.000e+00 1.384e+03 3.100e+01
  2.000e+00 2.500e+01 2.320e+02]
 [1.900e+01 1.000e+01 1.850e+02 4.000e+00 3.000e+00 3.100e+01 1.435e+03
  7.000e+00 1.350e+02 1.500e+01]
 [0.000e+00 1.900e+01 6.500e+01 1.300e+01 0.000e+00 4.000e+00 8.000e+00
  4.210e+02 1.180e+02 6.000e+00]
 [2.400e+01 1.500e+02 2.300e+02 1.000e+00 1.000e+00 2.100e+01 1.500e+02
  1.190e+02 4.700e+02 6.000e+01]
 [2.110e+02 3.000e+00 1.390e+02 1.000e+00 3.000e+00 2.310e+02 1.300e+01
  6.000e+00 6.900e+01 8.670e+02]]
Saved /home/julian/Documents/Master/Katrin/DA1_longer/_mixed_4_ellbow_kMeans.png
Saved /home/julian/Documents/Master/Katrin/DA1_longer/_mixed_4_scores_kmeans.png
mixed distinct 1716
MSM
[[4.03605015e-01 3.36846531e-02 7.99438098e-02 3.91725641e-04
  1.18695620e-01 1.96041877e-02 8.41613191e-02 5.64227578e-02
  8.98289765e-02 1.13661935e-01]
 [1.95271822e-02 7.16295959e-01 2.27078731e-04 7.03664353e-03
  5.26625524e-02 1.36317555e-03 1.28611298e-01 1.81636705e-03
  1.34107968e-02 5.90489464e-02]
 [4.86601614e-02 2.38428223e-04 9.06011449e-01 0.00000000e+00
  4.53074589e-03 7.16018383e-03 3.57428637e-03 1.95582375e-02
  8.83500458e-03 1.43150330e-03]
 [2.51588575e-04 7.79591269e-03 0.00000000e+00 9.89939648e-01
  0.00000000e+00 0.00000000e+00 7.53992550e-04 0.00000000e+00
  7.55568186e-04 5.03290344e-04]
 [2.14045746e-01 1.63819770e-01 1.34231025e-02 0.00000000e+00
  2.62711864e-01 9.89581234e-03 1.97595422e-01 2.82550747e-02
  3.18227708e-02 7.84304381e-02]
 [1.32476439e-02 1.58903726e-03 7.94923364e-03 0.00000000e+00
  3.70825283e-03 8.84941674e-01 4.76426187e-03 1.05974434e-03
  6.71044125e-02 1.56357396e-02]
 [5.10242563e-02 1.34504177e-01 3.56012127e-03 7.11741500e-04
  6.64307448e-02 4.27434902e-03 7.06970127e-01 7.35652023e-03
  7.36480214e-03 1.78031604e-02]
 [7.59541782e-02 4.21787276e-03 4.32552047e-02 0.00000000e+00
  2.10922015e-02 2.11109934e-03 1.63344924e-02 8.14345990e-01
  3.69614353e-03 1.89928173e-02]
 [6.97003203e-02 1.79500394e-02 1.12625413e-02 9.12815636e-04
  1.36925522e-02 7.70512357e-02 9.42573567e-03 2.13044237e-03
  6.61182205e-01 1.36692112e-01]
 [1.24864230e-01 1.11899372e-01 2.58360816e-03 8.60860297e-04
  4.77788542e-02 2.54186003e-02 3.22593752e-02 1.54994050e-02
  1.93529925e-01 4.45305770e-01]]
Counts
[[5.150e+02 4.400e+01 1.050e+02 0.000e+00 1.480e+02 2.100e+01 1.100e+02
  6.900e+01 1.200e+02 1.440e+02]
 [4.200e+01 1.578e+03 1.000e+00 1.600e+01 1.170e+02 5.000e+00 2.790e+02
  4.000e+00 2.900e+01 1.320e+02]
 [9.900e+01 0.000e+00 1.899e+03 0.000e+00 8.000e+00 1.600e+01 1.100e+01
  4.200e+01 1.800e+01 3.000e+00]
 [1.000e+00 1.500e+01 0.000e+00 1.968e+03 0.000e+00 0.000e+00 1.000e+00
  0.000e+00 2.000e+00 1.000e+00]
 [1.550e+02 1.150e+02 1.100e+01 0.000e+00 1.860e+02 7.000e+00 1.340e+02
  1.800e+01 2.300e+01 5.900e+01]
 [2.900e+01 1.000e+00 1.400e+01 0.000e+00 7.000e+00 1.669e+03 1.000e+01
  3.000e+00 1.210e+02 3.200e+01]
 [1.050e+02 2.880e+02 4.000e+00 2.000e+00 1.460e+02 8.000e+00 1.491e+03
  1.600e+01 1.500e+01 3.400e+01]
 [7.500e+01 4.000e+00 4.000e+01 0.000e+00 2.200e+01 1.000e+00 1.500e+01
  7.720e+02 3.000e+00 1.600e+01]
 [1.090e+02 3.000e+01 1.900e+01 1.000e+00 2.200e+01 1.320e+02 1.600e+01
  4.000e+00 1.085e+03 2.230e+02]
 [1.460e+02 1.280e+02 3.000e+00 1.000e+00 5.200e+01 2.700e+01 4.100e+01
  2.000e+01 2.260e+02 5.170e+02]]
Saved /home/julian/Documents/Master/Katrin/DA1_longer/_protein_0_ellbow_kMeans.png
Saved /home/julian/Documents/Master/Katrin/DA1_longer/_protein_0_scores_kmeans.png
num unique protein 715
MSM
[[9.82125134e-01 7.45452638e-04 7.45646617e-04 0.00000000e+00
  0.00000000e+00 1.01792135e-02 2.48627100e-04 2.48499839e-04
  0.00000000e+00 4.71362978e-03 0.00000000e+00 0.00000000e+00
  0.00000000e+00 9.93796681e-04]
 [9.95786312e-04 4.24584717e-01 2.72496202e-02 9.96348772e-04
  4.98513647e-03 4.28207678e-02 8.27718645e-02 2.73771383e-01
  3.32329855e-04 2.38818762e-02 1.66061753e-03 4.51892017e-02
  1.16324849e-02 5.91278654e-02]
 [9.85054389e-04 2.69489293e-02 4.72715318e-01 0.00000000e+00
  1.74243209e-02 1.60899570e-02 3.07789262e-01 1.34753130e-02
  3.28748328e-04 3.54367333e-02 3.94252979e-03 6.57385215e-03
  7.26592535e-02 2.56307282e-02]
 [0.00000000e+00 1.22589468e-03 0.00000000e+00 8.78267971e-01
  0.00000000e+00 2.04142425e-03 8.17733344e-04 0.00000000e+00
  0.00000000e+00 2.03987983e-03 1.15607097e-01 0.00000000e+00
  0.00000000e+00 0.00000000e+00]
 [0.00000000e+00 1.09932105e-02 3.88527974e-02 0.00000000e+00
  4.23753665e-01 2.92903381e-03 2.40523273e-01 5.71682942e-02
  1.12898952e-01 2.19511228e-03 0.00000000e+00 8.20944105e-02
  2.41945883e-02 4.39666332e-03]
 [1.96539446e-02 6.18933311e-02 2.35159879e-02 2.39817518e-03
  1.91984558e-03 6.21284755e-01 1.72824903e-02 2.01525844e-02
  9.59886493e-04 1.99273942e-01 9.59290989e-04 7.19792985e-03
  2.39991000e-03 2.11079263e-02]
 [1.55728330e-04 3.88110866e-02 1.45930297e-01 3.11632683e-04
  5.11425849e-02 5.60647616e-03 5.93574547e-01 2.96167505e-02
  2.80649900e-03 7.78087613e-03 3.11639488e-04 1.69920292e-02
  9.27778852e-02 1.41819682e-02]
 [3.42842367e-04 2.82755022e-01 1.40727858e-02 0.00000000e+00
  2.67750331e-02 1.44000374e-02 6.52358942e-02 4.07000686e-01
  2.74605332e-03 1.09631535e-02 3.43043517e-04 1.27669841e-01
  8.58211016e-03 3.91134980e-02]
 [0.00000000e+00 1.81761297e-03 1.81808652e-03 0.00000000e+00
  2.80010599e-01 3.63213958e-03 3.27358697e-02 1.45418193e-02
  6.39999999e-01 3.62938997e-03 0.00000000e+00 2.18144836e-02
  0.00000000e+00 0.00000000e+00]
 [1.00494183e-02 3.81160425e-02 5.71889308e-02 2.64607513e-03
  1.58872454e-03 2.20039406e-01 2.64846840e-02 1.69415279e-02
  1.05910968e-03 5.64482029e-01 2.11690623e-03 3.70625676e-03
  5.29597567e-03 5.02849131e-02]
 [0.00000000e+00 7.86405853e-03 1.88786546e-02 4.44958844e-01
  0.00000000e+00 3.14295439e-03 3.14743332e-03 1.57291067e-03
  0.00000000e+00 6.28115314e-03 5.06289307e-01 3.14607424e-03
  1.57343074e-03 3.14517954e-03]
 [0.00000000e+00 9.78276996e-02 1.43901739e-02 0.00000000e+00
  8.05922474e-02 1.07806606e-02 7.84511572e-02 2.67604376e-01
  8.63455683e-03 5.02716705e-03 1.43819912e-03 3.81294964e-01
  3.23822053e-02 2.15765932e-02]
 [0.00000000e+00 2.39303832e-02 1.51142647e-01 0.00000000e+00
  2.25708492e-02 3.41572348e-03 4.07050751e-01 1.70942072e-02
  0.00000000e+00 6.82627497e-03 6.83514396e-04 3.07720483e-02
  3.14637482e-01 2.18761181e-02]
 [5.00875564e-03 2.23089129e-01 9.77836149e-02 0.00000000e+00
  7.52249526e-03 5.50988291e-02 1.14116817e-01 1.42886299e-01
  0.00000000e+00 1.18873364e-01 2.50584687e-03 3.76046809e-02
  4.01216984e-02 1.55388471e-01]]
Counts
[[1.978e+03 1.000e+00 2.000e+00 0.000e+00 0.000e+00 2.000e+01 0.000e+00
  0.000e+00 0.000e+00 1.000e+01 0.000e+00 0.000e+00 0.000e+00 3.000e+00]
 [2.000e+00 6.390e+02 4.300e+01 1.000e+00 7.000e+00 6.600e+01 1.240e+02
  4.200e+02 1.000e+00 3.600e+01 3.000e+00 6.500e+01 1.400e+01 8.400e+01]
 [1.000e+00 3.900e+01 7.190e+02 0.000e+00 2.400e+01 2.800e+01 4.670e+02
  2.200e+01 0.000e+00 5.500e+01 6.000e+00 1.000e+01 1.060e+02 4.400e+01]
 [0.000e+00 2.000e+00 0.000e+00 1.075e+03 0.000e+00 2.000e+00 1.000e+00
  0.000e+00 0.000e+00 3.000e+00 1.410e+02 0.000e+00 0.000e+00 0.000e+00]
 [0.000e+00 8.000e+00 2.900e+01 0.000e+00 2.890e+02 2.000e+00 1.690e+02
  4.300e+01 7.200e+01 2.000e+00 0.000e+00 5.200e+01 1.400e+01 2.000e+00]
 [2.100e+01 6.300e+01 2.100e+01 3.000e+00 2.000e+00 6.480e+02 1.900e+01
  2.100e+01 1.000e+00 2.090e+02 1.000e+00 6.000e+00 4.000e+00 2.400e+01]
 [1.000e+00 1.250e+02 4.690e+02 1.000e+00 1.590e+02 1.700e+01 1.903e+03
  9.100e+01 1.300e+01 2.400e+01 1.000e+00 5.100e+01 3.080e+02 4.300e+01]
 [1.000e+00 4.040e+02 1.900e+01 0.000e+00 3.500e+01 2.100e+01 9.900e+01
  5.930e+02 6.000e+00 1.700e+01 0.000e+00 1.900e+02 1.100e+01 6.100e+01]
 [0.000e+00 0.000e+00 1.000e+00 0.000e+00 8.200e+01 1.000e+00 5.000e+00
  2.000e+00 1.760e+02 1.000e+00 0.000e+00 7.000e+00 0.000e+00 0.000e+00]
 [9.000e+00 3.600e+01 5.300e+01 2.000e+00 1.000e+00 2.070e+02 2.600e+01
  1.500e+01 1.000e+00 5.340e+02 2.000e+00 5.000e+00 6.000e+00 4.900e+01]
 [0.000e+00 2.000e+00 6.000e+00 1.420e+02 0.000e+00 1.000e+00 1.000e+00
  1.000e+00 0.000e+00 2.000e+00 1.610e+02 1.000e+00 0.000e+00 1.000e+00]
 [0.000e+00 7.100e+01 1.000e+01 0.000e+00 6.000e+01 9.000e+00 5.800e+01
  1.820e+02 5.000e+00 2.000e+00 1.000e+00 2.650e+02 2.000e+01 1.200e+01]
 [0.000e+00 2.100e+01 1.150e+02 0.000e+00 1.900e+01 1.000e+00 2.870e+02
  1.400e+01 0.000e+00 4.000e+00 1.000e+00 2.500e+01 2.300e+02 1.400e+01]
 [1.000e+00 9.400e+01 3.400e+01 0.000e+00 4.000e+00 2.000e+01 4.800e+01
  5.300e+01 0.000e+00 4.600e+01 1.000e+00 1.800e+01 1.800e+01 6.200e+01]]
Saved /home/julian/Documents/Master/Katrin/DA1_longer/_protein_1_ellbow_kMeans.png
Saved /home/julian/Documents/Master/Katrin/DA1_longer/_protein_1_scores_kmeans.png
num unique protein 715
MSM
[[5.64954683e-01 1.50917503e-03 1.20921588e-02 2.86982513e-02
  7.54194757e-03 3.02080661e-03 2.26644337e-02 1.75229201e-01
  9.81830881e-02 1.81305126e-02 1.50903417e-03 1.05750161e-02
  3.17310235e-02 2.41606682e-02]
 [2.48739100e-04 9.86580522e-01 0.00000000e+00 0.00000000e+00
  5.71273357e-03 0.00000000e+00 0.00000000e+00 0.00000000e+00
  2.48728411e-04 0.00000000e+00 3.23031508e-03 4.97525110e-04
  4.97618727e-04 2.98381844e-03]
 [2.21222769e-03 0.00000000e+00 4.63752075e-01 4.47934640e-02
  1.29780307e-02 0.00000000e+00 3.42983475e-02 2.04634118e-02
  2.23978414e-02 2.76583787e-04 4.41994238e-03 1.28874433e-01
  2.51712094e-01 1.38215483e-02]
 [5.00573174e-03 0.00000000e+00 4.27071710e-02 5.92202319e-01
  3.13063534e-02 0.00000000e+00 7.11523630e-03 6.58658742e-02
  1.34095151e-01 1.58107343e-03 1.57914615e-03 1.08028616e-02
  3.47864944e-02 7.29525878e-02]
 [1.62678061e-03 7.47627038e-03 1.53012986e-02 3.87138020e-02
  6.92657570e-01 6.50638812e-04 9.76318861e-04 6.83258038e-03
  1.20376595e-02 3.25421082e-04 9.84825569e-02 4.88080178e-02
  7.15985556e-03 6.89512292e-02]
 [6.48161375e-04 0.00000000e+00 0.00000000e+00 0.00000000e+00
  6.47224147e-04 9.90926756e-01 0.00000000e+00 9.72256570e-04
  0.00000000e+00 3.24145479e-04 0.00000000e+00 2.91700145e-03
  1.29668923e-03 2.26776557e-03]
 [1.00916184e-02 0.00000000e+00 8.34762936e-02 1.81632322e-02
  2.01540414e-03 0.00000000e+00 4.30686407e-01 1.81651842e-02
  2.28733508e-02 1.00263457e-01 0.00000000e+00 4.37344747e-02
  2.68512966e-01 2.01761232e-03]
 [8.28559063e-02 0.00000000e+00 5.28894500e-02 1.78552244e-01
  1.49780840e-02 2.14258300e-03 1.92903831e-02 3.50000000e-01
  1.51419799e-01 1.07162681e-02 7.13546928e-04 1.57155344e-02
  8.85951495e-02 3.21310518e-02]
 [4.04749662e-02 6.22115117e-04 5.04696147e-02 3.16920800e-01
  2.30062790e-02 0.00000000e+00 2.11769618e-02 1.32012629e-01
  2.68991283e-01 1.24563257e-03 2.48822823e-03 1.55687639e-02
  6.04181805e-02 6.66045457e-02]
 [2.09748263e-02 0.00000000e+00 1.74899684e-03 1.04864428e-02
  1.74537397e-03 1.74770462e-03 2.60504375e-01 2.62189242e-02
  3.49565400e-03 6.32867133e-01 0.00000000e+00 1.74806720e-03
  3.49679299e-02 3.49457238e-03]
 [1.24815384e-03 1.62109878e-02 1.99829530e-02 7.48823094e-03
  3.77644252e-01 0.00000000e+00 0.00000000e+00 1.24817245e-03
  4.99240084e-03 0.00000000e+00 4.58852868e-01 6.49101192e-02
  1.37335702e-02 3.36882914e-02]
 [2.80647126e-03 8.01106242e-04 1.86947794e-01 1.64363823e-02
  6.00516926e-02 3.60791237e-03 2.60667886e-02 8.82046989e-03
  1.00226805e-02 4.01004637e-04 2.08268181e-02 4.13793104e-01
  2.05732409e-01 4.36853672e-02]
 [5.06124939e-03 4.81577207e-04 2.19458171e-01 3.18106237e-02
  5.29459128e-03 9.63938524e-04 9.61884603e-02 2.98859187e-02
  2.33771462e-02 4.82120158e-03 2.64842737e-03 1.23650765e-01
  4.45998072e-01 1.03598580e-02]
 [1.26626880e-02 9.48822361e-03 3.95956682e-02 2.19202513e-01
  1.67538067e-01 5.53930016e-03 2.37486399e-03 3.56143414e-02
  8.46780852e-02 1.58315237e-03 2.13465114e-02 8.62727012e-02
  3.40405926e-02 2.80063291e-01]]
Counts
[[1.870e+02 0.000e+00 3.000e+00 8.000e+00 3.000e+00 1.000e+00 8.000e+00
  5.900e+01 3.400e+01 6.000e+00 1.000e+00 3.000e+00 1.300e+01 5.000e+00]
 [1.000e+00 1.985e+03 0.000e+00 0.000e+00 1.300e+01 0.000e+00 0.000e+00
  0.000e+00 0.000e+00 0.000e+00 6.000e+00 1.000e+00 0.000e+00 6.000e+00]
 [5.000e+00 0.000e+00 8.380e+02 7.800e+01 2.200e+01 0.000e+00 6.100e+01
  3.500e+01 4.100e+01 1.000e+00 7.000e+00 2.350e+02 4.590e+02 2.500e+01]
 [1.100e+01 0.000e+00 8.400e+01 1.124e+03 5.800e+01 0.000e+00 1.000e+01
  1.190e+02 2.550e+02 5.000e+00 4.000e+00 2.200e+01 6.700e+01 1.390e+02]
 [2.000e+00 1.000e+01 2.500e+01 6.100e+01 1.066e+03 0.000e+00 1.000e+00
  1.300e+01 1.800e+01 1.000e+00 1.500e+02 7.600e+01 1.200e+01 1.040e+02]
 [1.000e+00 0.000e+00 0.000e+00 0.000e+00 2.000e+00 1.529e+03 0.000e+00
  1.000e+00 0.000e+00 1.000e+00 0.000e+00 5.000e+00 2.000e+00 2.000e+00]
 [7.000e+00 0.000e+00 6.300e+01 1.700e+01 2.000e+00 0.000e+00 3.200e+02
  1.000e+01 1.600e+01 6.800e+01 0.000e+00 3.200e+01 2.070e+02 1.000e+00]
 [5.700e+01 0.000e+00 3.900e+01 1.310e+02 8.000e+00 2.000e+00 1.700e+01
  2.450e+02 1.050e+02 9.000e+00 0.000e+00 1.300e+01 5.200e+01 2.200e+01]
 [3.100e+01 1.000e+00 4.000e+01 2.540e+02 1.900e+01 0.000e+00 1.800e+01
  1.070e+02 2.160e+02 0.000e+00 2.000e+00 1.100e+01 4.800e+01 5.600e+01]
 [6.000e+00 0.000e+00 0.000e+00 1.000e+00 0.000e+00 0.000e+00 8.100e+01
  6.000e+00 2.000e+00 1.810e+02 0.000e+00 1.000e+00 6.000e+00 2.000e+00]
 [0.000e+00 7.000e+00 9.000e+00 2.000e+00 1.530e+02 0.000e+00 0.000e+00
  1.000e+00 2.000e+00 0.000e+00 1.840e+02 2.300e+01 5.000e+00 1.500e+01]
 [4.000e+00 1.000e+00 2.310e+02 1.900e+01 7.400e+01 4.000e+00 3.300e+01
  9.000e+00 1.400e+01 0.000e+00 2.900e+01 5.160e+02 2.550e+02 5.800e+01]
 [8.000e+00 2.000e+00 4.510e+02 6.500e+01 1.000e+01 2.000e+00 1.920e+02
  7.200e+01 4.900e+01 1.400e+01 6.000e+00 2.580e+02 9.250e+02 2.000e+01]
 [1.100e+01 6.000e+00 2.500e+01 1.380e+02 1.080e+02 5.000e+00 2.000e+00
  2.300e+01 5.100e+01 0.000e+00 1.200e+01 5.100e+01 2.300e+01 1.770e+02]]
Saved /home/julian/Documents/Master/Katrin/DA1_longer/_protein_2_ellbow_kMeans.png
Saved /home/julian/Documents/Master/Katrin/DA1_longer/_protein_2_scores_kmeans.png
num unique protein 715
MSM
[[6.00635594e-01 1.01242465e-01 2.54474467e-02 0.00000000e+00
  1.05930793e-02 6.36307645e-03 1.53039924e-01 0.00000000e+00
  1.48512463e-02 0.00000000e+00 0.00000000e+00 4.77110096e-03
  6.98147464e-02 1.32413207e-02]
 [2.52452680e-02 7.79894180e-01 2.32843737e-02 1.32257293e-04
  6.60862081e-04 3.90352433e-02 1.49325467e-02 8.73288089e-03
  4.18254887e-02 4.63112857e-03 1.19033362e-03 5.11959915e-02
  8.84292959e-03 3.96516399e-04]
 [1.85298380e-02 6.79946425e-02 4.21174652e-01 0.00000000e+00
  3.86033145e-04 1.60772607e-01 2.77889210e-02 1.70039619e-02
  2.26148482e-01 1.50718737e-02 3.09029538e-03 8.88662102e-03
  3.27660395e-02 3.86032317e-04]
 [0.00000000e+00 5.76114549e-04 0.00000000e+00 7.26958518e-01
  0.00000000e+00 0.00000000e+00 0.00000000e+00 2.88147082e-03
  5.76480396e-04 0.00000000e+00 2.65557005e-01 5.76176612e-04
  2.87423409e-03 0.00000000e+00]
 [5.76376557e-03 1.44204113e-03 2.88457127e-04 0.00000000e+00
  9.03170036e-01 0.00000000e+00 2.88127827e-04 0.00000000e+00
  0.00000000e+00 0.00000000e+00 0.00000000e+00 0.00000000e+00
  8.63321982e-04 8.81842499e-02]
 [3.32773783e-03 8.18693949e-02 1.15469320e-01 0.00000000e+00
  0.00000000e+00 3.87007218e-01 1.10901300e-03 7.05129244e-02
  2.71590301e-01 4.02539226e-02 0.00000000e+00 2.63675620e-02
  2.21529908e-03 2.77307194e-04]
 [2.64223604e-01 1.03391177e-01 6.58887316e-02 0.00000000e+00
  9.14256354e-04 3.66118390e-03 3.12614260e-01 9.15251183e-04
  1.55642939e-02 3.66104846e-03 0.00000000e+00 1.83012929e-03
  2.20022030e-01 7.31403516e-03]
 [0.00000000e+00 4.19183103e-02 2.79502837e-02 3.17520115e-03
  0.00000000e+00 1.61380207e-01 6.34507754e-04 6.26429479e-01
  6.41884708e-02 5.40031872e-02 0.00000000e+00 1.77854422e-02
  2.53491083e-03 0.00000000e+00]
 [7.08587099e-03 8.00302345e-02 1.48182394e-01 2.53226057e-04
  0.00000000e+00 2.47777936e-01 4.30123224e-03 2.55872648e-02
  4.38925494e-01 2.15340943e-02 1.51937932e-03 1.64636901e-02
  8.33918291e-03 0.00000000e+00]
 [0.00000000e+00 6.24797643e-02 6.96321263e-02 0.00000000e+00
  0.00000000e+00 2.58938162e-01 7.13359461e-03 1.51783899e-01
  1.51832971e-01 2.67857143e-01 0.00000000e+00 2.67799277e-02
  3.56241232e-03 0.00000000e+00]
 [0.00000000e+00 6.66746498e-03 5.92764110e-03 3.41476318e-01
  0.00000000e+00 0.00000000e+00 0.00000000e+00 0.00000000e+00
  4.44779936e-03 0.00000000e+00 6.37037031e-01 3.70454625e-03
  7.39199235e-04 0.00000000e+00]
 [8.08647607e-03 3.47984087e-01 2.06847345e-02 8.99062402e-04
  0.00000000e+00 8.54532750e-02 1.79661740e-03 2.51849946e-02
  5.84840638e-02 1.34921227e-02 4.49537995e-03 4.26258993e-01
  5.38322741e-03 1.79696688e-03]
 [1.30880949e-01 6.64826260e-02 8.43579106e-02 4.96072234e-03
  2.97452747e-03 7.94108191e-03 2.38906831e-01 3.97034689e-03
  3.27659250e-02 1.98519713e-03 9.92159430e-04 5.95430804e-03
  4.13861386e-01 3.96602815e-03]
 [4.61261747e-02 5.53936540e-03 1.84676821e-03 0.00000000e+00
  5.64576860e-01 1.84712084e-03 1.47572797e-02 0.00000000e+00
  0.00000000e+00 0.00000000e+00 0.00000000e+00 3.69330784e-03
  7.36957860e-03 3.54243545e-01]]
Counts
[[5.670e+02 9.300e+01 2.600e+01 0.000e+00 8.000e+00 7.000e+00 1.430e+02
  0.000e+00 1.300e+01 0.000e+00 0.000e+00 3.000e+00 7.200e+01 1.200e+01]
 [9.800e+01 2.948e+03 8.300e+01 0.000e+00 3.000e+00 1.430e+02 5.700e+01
  3.300e+01 1.620e+02 1.700e+01 5.000e+00 2.000e+02 3.000e+01 1.000e+00]
 [2.200e+01 9.300e+01 5.450e+02 0.000e+00 0.000e+00 2.170e+02 3.700e+01
  2.000e+01 2.790e+02 2.100e+01 4.000e+00 1.000e+01 4.500e+01 1.000e+00]
 [0.000e+00 1.000e+00 0.000e+00 6.310e+02 0.000e+00 0.000e+00 0.000e+00
  2.000e+00 0.000e+00 0.000e+00 2.310e+02 1.000e+00 2.000e+00 0.000e+00]
 [1.200e+01 2.000e+00 1.000e+00 0.000e+00 1.567e+03 0.000e+00 0.000e+00
  0.000e+00 0.000e+00 0.000e+00 0.000e+00 0.000e+00 1.000e+00 1.520e+02]
 [5.000e+00 1.520e+02 1.990e+02 0.000e+00 0.000e+00 6.970e+02 3.000e+00
  1.300e+02 4.940e+02 6.900e+01 0.000e+00 4.800e+01 3.000e+00 1.000e+00]
 [1.460e+02 5.600e+01 3.500e+01 0.000e+00 1.000e+00 1.000e+00 1.710e+02
  1.000e+00 1.100e+01 3.000e+00 0.000e+00 0.000e+00 1.170e+02 5.000e+00]
 [0.000e+00 3.300e+01 2.400e+01 3.000e+00 0.000e+00 1.240e+02 0.000e+00
  4.930e+02 5.000e+01 4.600e+01 0.000e+00 1.200e+01 2.000e+00 0.000e+00]
 [1.500e+01 1.540e+02 3.060e+02 1.000e+00 0.000e+00 4.840e+02 6.000e+00
  5.100e+01 8.660e+02 3.900e+01 3.000e+00 3.300e+01 1.500e+01 0.000e+00]
 [0.000e+00 1.800e+01 1.800e+01 0.000e+00 0.000e+00 7.600e+01 1.000e+00
  3.900e+01 4.600e+01 7.500e+01 0.000e+00 6.000e+00 1.000e+00 0.000e+00]
 [0.000e+00 4.000e+00 4.000e+00 2.300e+02 0.000e+00 0.000e+00 0.000e+00
  0.000e+00 3.000e+00 0.000e+00 4.300e+02 3.000e+00 1.000e+00 0.000e+00]
 [6.000e+00 1.870e+02 1.300e+01 0.000e+00 0.000e+00 4.700e+01 2.000e+00
  1.600e+01 3.200e+01 9.000e+00 2.000e+00 2.370e+02 4.000e+00 1.000e+00]
 [6.000e+01 3.700e+01 4.000e+01 3.000e+00 2.000e+00 5.000e+00 1.240e+02
  2.000e+00 1.800e+01 1.000e+00 0.000e+00 2.000e+00 2.090e+02 2.000e+00]
 [1.300e+01 2.000e+00 0.000e+00 0.000e+00 1.540e+02 0.000e+00 3.000e+00
  0.000e+00 0.000e+00 0.000e+00 0.000e+00 1.000e+00 2.000e+00 9.600e+01]]
Saved /home/julian/Documents/Master/Katrin/DA1_longer/_protein_3_ellbow_kMeans.png
Saved /home/julian/Documents/Master/Katrin/DA1_longer/_protein_3_scores_kmeans.png
num unique protein 715
MSM
[[3.35922330e-01 0.00000000e+00 3.39706751e-02 3.00946135e-02
  0.00000000e+00 1.09740483e-01 7.75484691e-03 3.88244966e-03
  2.25254055e-01 1.45622645e-01 2.62074489e-02 1.45575801e-02
  6.50517496e-02 1.94112319e-03]
 [0.00000000e+00 9.79672785e-01 2.48119562e-04 1.24085731e-03
  0.00000000e+00 7.44790701e-04 1.51160603e-02 2.48125102e-04
  2.48204314e-04 2.48177499e-04 0.00000000e+00 2.23287986e-03
  0.00000000e+00 0.00000000e+00]
 [1.23015477e-02 3.51049084e-04 3.88615601e-01 9.13754164e-03
  0.00000000e+00 3.72668929e-02 1.75461718e-02 2.63533648e-02
  4.46392904e-02 2.46016727e-03 1.25094998e-01 3.32367114e-01
  3.51490107e-03 3.51359805e-04]
 [1.25111171e-02 2.01548896e-03 1.04901358e-02 4.18079096e-01
  4.43791187e-03 2.57965061e-01 6.40696041e-02 3.22780624e-03
  1.48122937e-01 8.07122159e-04 5.24536800e-03 5.56735156e-02
  1.69513810e-02 4.03454657e-04]
 [0.00000000e+00 0.00000000e+00 0.00000000e+00 3.86065063e-03
  9.47368412e-01 1.05329582e-03 2.10269098e-03 3.50902618e-04
  0.00000000e+00 0.00000000e+00 0.00000000e+00 3.50863921e-04
  0.00000000e+00 4.49131843e-02]
 [2.48936322e-02 6.60095709e-04 2.33447384e-02 1.40758611e-01
  6.60667006e-04 4.87439401e-01 2.55145600e-02 3.30357458e-03
  2.09733902e-01 1.54199419e-03 1.36552512e-02 5.17502905e-02
  1.63028283e-02 4.40453542e-04]
 [2.02233915e-03 1.54017701e-02 1.26359402e-02 4.01906919e-02
  1.51623691e-03 2.93323894e-02 8.07168098e-01 3.28541778e-03
  5.56171213e-03 7.58333383e-04 4.54919835e-03 7.73251619e-02
  0.00000000e+00 2.52711233e-04]
 [7.04414940e-03 1.75891434e-03 1.32039303e-01 1.40871411e-02
  1.76043579e-03 2.64232017e-02 2.28577021e-02 5.28169014e-01
  2.46557634e-02 3.16968393e-02 1.56695603e-01 4.92903379e-02
  1.76112412e-03 1.76047123e-03]
 [6.96243467e-02 2.99743037e-04 3.81022148e-02 1.10129461e-01
  0.00000000e+00 2.85782579e-01 6.59198577e-03 4.20033805e-03
  3.79351741e-01 6.90201442e-03 2.70031147e-02 3.68988987e-02
  3.39135299e-02 1.20003375e-03]
 [2.36606745e-01 1.57547630e-03 1.10384290e-02 3.15449730e-03
  0.00000000e+00 1.10448429e-02 4.72473682e-03 2.83851661e-02
  3.62815268e-02 6.34069401e-01 1.89241038e-02 4.73033914e-03
  9.46473620e-03 0.00000000e+00]
 [2.08061076e-02 0.00000000e+00 2.74252416e-01 1.00169323e-02
  0.00000000e+00 4.77908092e-02 1.38490571e-02 6.85646363e-02
  6.93571819e-02 9.24662420e-03 3.45146379e-01 1.27870498e-01
  9.24761457e-03 3.85174423e-03]
 [3.95511137e-03 2.37020630e-03 2.49362992e-01 3.63840349e-02
  2.63584032e-04 6.19813342e-02 8.05581731e-02 7.38088775e-03
  3.24335450e-02 7.90976539e-04 4.37596453e-02 4.78650501e-01
  7.91061245e-04 1.31794669e-03]
 [1.53662151e-01 0.00000000e+00 2.29279623e-02 9.63176098e-02
  0.00000000e+00 1.69765517e-01 0.00000000e+00 2.29284748e-03
  2.59174584e-01 1.37599937e-02 2.75151291e-02 6.87778358e-03
  2.47706422e-01 0.00000000e+00]
 [8.62346162e-03 0.00000000e+00 4.31047408e-03 4.31137652e-03
  5.51713027e-01 8.62595608e-03 4.30499175e-03 4.31057041e-03
  1.72477910e-02 0.00000000e+00 2.15536032e-02 2.15504751e-02
  0.00000000e+00 3.53448273e-01]]
Counts
[[1.730e+02 0.000e+00 1.800e+01 1.700e+01 0.000e+00 5.600e+01 4.000e+00
  3.000e+00 1.160e+02 7.000e+01 1.500e+01 6.000e+00 3.600e+01 1.000e+00]
 [0.000e+00 1.976e+03 0.000e+00 3.000e+00 0.000e+00 2.000e+00 3.100e+01
  1.000e+00 0.000e+00 0.000e+00 0.000e+00 4.000e+00 0.000e+00 0.000e+00]
 [1.700e+01 1.000e+00 5.530e+02 1.300e+01 0.000e+00 5.300e+01 2.500e+01
  4.000e+01 6.600e+01 3.000e+00 1.780e+02 4.700e+02 4.000e+00 0.000e+00]
 [1.400e+01 2.000e+00 1.300e+01 5.180e+02 5.000e+00 3.140e+02 8.300e+01
  4.000e+00 1.880e+02 0.000e+00 7.000e+00 6.900e+01 2.100e+01 1.000e+00]
 [0.000e+00 0.000e+00 0.000e+00 6.000e+00 1.350e+03 1.000e+00 3.000e+00
  0.000e+00 0.000e+00 0.000e+00 0.000e+00 1.000e+00 0.000e+00 6.400e+01]
 [5.700e+01 1.000e+00 5.300e+01 3.250e+02 2.000e+00 1.106e+03 5.500e+01
  7.000e+00 4.770e+02 3.000e+00 2.900e+01 1.180e+02 3.500e+01 1.000e+00]
 [4.000e+00 3.000e+01 2.500e+01 7.600e+01 3.000e+00 6.100e+01 1.599e+03
  5.000e+00 1.200e+01 2.000e+00 1.100e+01 1.530e+02 0.000e+00 0.000e+00]
 [1.000e+00 0.000e+00 3.500e+01 4.000e+00 1.000e+00 8.000e+00 8.000e+00
  1.500e+02 8.000e+00 9.000e+00 4.400e+01 1.500e+01 1.000e+00 0.000e+00]
 [1.160e+02 1.000e+00 6.100e+01 1.790e+02 0.000e+00 4.750e+02 1.000e+01
  6.000e+00 6.320e+02 1.700e+01 4.900e+01 6.400e+01 5.400e+01 2.000e+00]
 [8.000e+01 1.000e+00 4.000e+00 2.000e+00 0.000e+00 4.000e+00 1.000e+00
  9.000e+00 6.000e+00 2.010e+02 5.000e+00 1.000e+00 3.000e+00 0.000e+00]
 [1.200e+01 0.000e+00 1.780e+02 6.000e+00 0.000e+00 3.300e+01 7.000e+00
  4.500e+01 4.100e+01 7.000e+00 2.240e+02 8.700e+01 7.000e+00 2.000e+00]
 [9.000e+00 5.000e+00 4.760e+02 6.900e+01 0.000e+00 1.170e+02 1.530e+02
  1.300e+01 5.900e+01 2.000e+00 7.900e+01 9.080e+02 3.000e+00 4.000e+00]
 [3.100e+01 0.000e+00 6.000e+00 2.100e+01 0.000e+00 3.900e+01 0.000e+00
  0.000e+00 5.900e+01 3.000e+00 5.000e+00 0.000e+00 5.400e+01 0.000e+00]
 [1.000e+00 0.000e+00 1.000e+00 0.000e+00 6.400e+01 1.000e+00 1.000e+00
  1.000e+00 2.000e+00 0.000e+00 3.000e+00 1.000e+00 0.000e+00 4.100e+01]]
Saved /home/julian/Documents/Master/Katrin/DA1_longer/_protein_4_ellbow_kMeans.png
Saved /home/julian/Documents/Master/Katrin/DA1_longer/_protein_4_scores_kmeans.png
num unique protein 715
MSM
[[2.68357811e-01 7.94846204e-02 0.00000000e+00 3.34023553e-03
  1.73471343e-02 8.74864178e-02 4.94484157e-02 3.33985992e-03
  2.50778913e-01 1.33571586e-02 3.33915749e-03 1.96330399e-01
  4.00815101e-03 2.33817265e-02]
 [4.71578266e-02 4.25852498e-01 0.00000000e+00 3.29157682e-02
  1.18821259e-03 1.11005911e-02 2.49511282e-01 7.93061798e-04
  6.84963906e-02 1.98231578e-03 2.77513218e-03 1.74426158e-02
  1.30865622e-02 1.27697743e-01]
 [0.00000000e+00 0.00000000e+00 7.85140554e-01 0.00000000e+00
  0.00000000e+00 0.00000000e+00 0.00000000e+00 5.02113449e-04
  0.00000000e+00 0.00000000e+00 2.14357332e-01 0.00000000e+00
  0.00000000e+00 0.00000000e+00]
 [5.63919547e-03 9.36641454e-02 0.00000000e+00 3.20541761e-01
  0.00000000e+00 2.70794395e-02 1.61441794e-01 3.38562348e-03
  2.25367787e-03 1.46685282e-02 0.00000000e+00 7.89763989e-03
  1.15120370e-01 2.48307825e-01]
 [6.35417509e-03 7.33592542e-04 0.00000000e+00 0.00000000e+00
  9.73619933e-01 0.00000000e+00 2.44634707e-04 2.44543287e-04
  1.75805929e-02 4.89003110e-04 0.00000000e+00 4.88953743e-04
  0.00000000e+00 2.44571588e-04]
 [5.26731079e-02 1.12648066e-02 0.00000000e+00 9.65712657e-03
  0.00000000e+00 3.97425584e-01 4.18584982e-02 4.42568507e-03
  1.24535786e-02 8.00509901e-02 4.02250354e-04 3.06495932e-01
  1.52899481e-02 6.80024927e-02]
 [1.66201154e-02 1.41351742e-01 0.00000000e+00 3.21408658e-02
  2.24475160e-04 2.33677548e-02 4.94154677e-01 8.98943998e-04
  1.84005485e-02 2.47167348e-03 4.49377374e-04 4.76310724e-02
  2.51724380e-02 1.97116316e-01]
 [9.01965678e-03 3.60992446e-03 1.80467509e-03 5.41577185e-03
